max_depth	min_split	ganancia_promedio
4	10	48696000
4	10	48692000
4	10	48672000
4	10	48884000
4	10	48916000
4	10	48696000
4	10	48696000
4	10	48692000
4	10	48672000
4	10	48884000
4	10	48916000
4	10	48696000
4	10	48696000
4	10	48692000
4	10	48672000
4	10	48884000
4	10	48916000
4	10	48696000
4	10	38194000
4	10	38062000
4	10	37956000
4	10	21690000
4	10	21756000
4	10	38194000
4	10	0
4	10	0
4	10	0
4	10	0
4	10	0
4	10	0
4	20	48672000
4	20	48672000
4	20	48672000
4	20	48884000
4	20	48916000
4	20	48672000
4	20	48672000
4	20	48672000
4	20	48672000
4	20	48884000
4	20	48916000
4	20	48672000
4	20	48672000
4	20	48672000
4	20	48672000
4	20	48884000
4	20	48916000
4	20	48672000
4	20	38170000
4	20	38042000
4	20	37956000
4	20	21690000
4	20	21756000
4	20	38042000
4	20	0
4	20	0
4	20	0
4	20	0
4	20	0
4	20	0
4	40	48672000
4	40	48672000
4	40	48672000
4	40	48884000
4	40	48916000
4	40	48780000
4	40	48672000
4	40	48672000
4	40	48672000
4	40	48884000
4	40	48916000
4	40	48780000
4	40	48672000
4	40	48672000
4	40	48672000
4	40	48884000
4	40	48916000
4	40	48780000
4	40	38170000
4	40	38042000
4	40	37956000
4	40	21690000
4	40	21756000
4	40	38030000
4	40	0
4	40	0
4	40	0
4	40	0
4	40	0
4	40	0
4	80	48562000
4	80	48562000
4	80	48562000
4	80	48878000
4	80	48884000
4	80	49086000
4	80	48562000
4	80	48562000
4	80	48562000
4	80	48878000
4	80	48884000
4	80	49086000
4	80	48562000
4	80	48562000
4	80	48562000
4	80	48878000
4	80	48884000
4	80	49086000
4	80	29096000
4	80	28968000
4	80	28882000
4	80	21756000
4	80	21756000
4	80	21756000
4	80	0
4	80	0
4	80	0
4	80	0
4	80	0
4	80	0
4	160	48504000
4	160	48504000
4	160	48504000
4	160	48774000
4	160	48824000
4	160	48846000
4	160	48504000
4	160	48504000
4	160	48504000
4	160	48774000
4	160	48824000
4	160	48846000
4	160	48504000
4	160	48504000
4	160	48504000
4	160	48774000
4	160	48824000
4	160	48846000
4	160	21520000
4	160	21520000
4	160	21434000
4	160	7392000
4	160	7392000
4	160	7392000
4	160	0
4	160	0
4	160	0
4	160	0
4	160	0
4	160	0
4	320	48504000
4	320	48504000
4	320	48504000
4	320	48774000
4	320	48824000
4	320	48572000
4	320	48504000
4	320	48504000
4	320	48504000
4	320	48774000
4	320	48824000
4	320	48572000
4	320	48504000
4	320	48504000
4	320	48504000
4	320	48774000
4	320	48824000
4	320	48572000
4	320	21520000
4	320	21520000
4	320	21434000
4	320	7392000
4	320	7392000
4	320	0
4	320	0
4	320	0
4	320	0
4	320	0
4	320	0
4	320	0
4	640	48504000
4	640	48504000
4	640	48504000
4	640	48774000
4	640	48824000
4	640	49870000
4	640	48504000
4	640	48504000
4	640	48504000
4	640	48774000
4	640	48824000
4	640	49870000
4	640	48504000
4	640	48504000
4	640	48504000
4	640	48774000
4	640	48824000
4	640	49870000
4	640	21520000
4	640	21520000
4	640	14042000
4	640	0
4	640	0
4	640	0
4	640	0
4	640	0
4	640	0
4	640	0
4	640	0
4	640	0
6	10	47092000
6	10	48372000
6	10	48968000
6	10	49064000
6	10	49066000
6	10	47092000
6	10	47092000
6	10	48372000
6	10	48968000
6	10	49064000
6	10	49066000
6	10	47092000
6	10	47092000
6	10	48372000
6	10	48968000
6	10	49064000
6	10	49066000
6	10	47092000
6	10	48670000
6	10	48198000
6	10	48334000
6	10	41252000
6	10	37966000
6	10	48670000
6	10	0
6	10	0
6	10	0
6	10	0
6	10	0
6	10	0
6	20	47226000
6	20	48578000
6	20	48968000
6	20	49064000
6	20	49066000
6	20	48572000
6	20	47226000
6	20	48578000
6	20	48968000
6	20	49064000
6	20	49066000
6	20	48572000
6	20	47226000
6	20	48578000
6	20	48968000
6	20	49064000
6	20	49066000
6	20	48572000
6	20	48846000
6	20	48442000
6	20	48280000
6	20	41252000
6	20	37966000
6	20	48516000
6	20	0
6	20	0
6	20	0
6	20	0
6	20	0
6	20	0
6	40	47464000
6	40	48708000
6	40	49150000
6	40	48976000
6	40	49066000
6	40	49018000
6	40	47464000
6	40	48708000
6	40	49150000
6	40	48976000
6	40	49066000
6	40	49018000
6	40	47464000
6	40	48708000
6	40	49150000
6	40	48976000
6	40	49066000
6	40	49018000
6	40	46524000
6	40	41590000
6	40	41172000
6	40	41252000
6	40	37966000
6	40	41194000
6	40	0
6	40	0
6	40	0
6	40	0
6	40	0
6	40	0
6	80	47512000
6	80	48754000
6	80	49252000
6	80	48822000
6	80	49092000
6	80	49636000
6	80	47512000
6	80	48754000
6	80	49252000
6	80	48822000
6	80	49092000
6	80	49636000
6	80	47512000
6	80	48754000
6	80	49252000
6	80	48822000
6	80	49092000
6	80	49636000
6	80	46604000
6	80	39534000
6	80	39120000
6	80	39194000
6	80	30766000
6	80	32032000
6	80	0
6	80	0
6	80	0
6	80	0
6	80	0
6	80	0
6	160	47512000
6	160	48752000
6	160	49188000
6	160	48938000
6	160	49624000
6	160	50690000
6	160	47512000
6	160	48752000
6	160	49188000
6	160	48938000
6	160	49624000
6	160	50690000
6	160	47512000
6	160	48752000
6	160	49188000
6	160	48938000
6	160	49624000
6	160	50690000
6	160	46602000
6	160	39530000
6	160	31672000
6	160	24830000
6	160	7392000
6	160	7392000
6	160	0
6	160	0
6	160	0
6	160	0
6	160	0
6	160	0
6	320	48124000
6	320	49366000
6	320	49802000
6	320	49602000
6	320	49586000
6	320	50808000
6	320	48124000
6	320	49366000
6	320	49802000
6	320	49602000
6	320	49586000
6	320	50808000
6	320	48124000
6	320	49366000
6	320	49802000
6	320	49602000
6	320	49586000
6	320	50808000
6	320	46600000
6	320	38042000
6	320	30444000
6	320	7392000
6	320	7392000
6	320	0
6	320	0
6	320	0
6	320	0
6	320	0
6	320	0
6	320	0
6	640	48122000
6	640	49366000
6	640	49802000
6	640	49964000
6	640	49552000
6	640	51030000
6	640	48122000
6	640	49366000
6	640	49802000
6	640	49964000
6	640	49552000
6	640	51030000
6	640	48122000
6	640	49366000
6	640	49802000
6	640	49964000
6	640	49552000
6	640	51030000
6	640	46598000
6	640	38042000
6	640	23052000
6	640	0
6	640	0
6	640	0
6	640	0
6	640	0
6	640	0
6	640	0
6	640	0
6	640	0
8	10	46654000
8	10	47112000
8	10	48108000
8	10	49248000
8	10	48812000
8	10	46654000
8	10	46654000
8	10	47112000
8	10	48108000
8	10	49248000
8	10	48812000
8	10	46654000
8	10	46654000
8	10	47112000
8	10	48108000
8	10	49248000
8	10	48812000
8	10	46654000
8	10	46464000
8	10	46332000
8	10	47884000
8	10	45360000
8	10	37966000
8	10	46464000
8	10	0
8	10	0
8	10	0
8	10	0
8	10	0
8	10	0
8	20	47258000
8	20	47986000
8	20	48336000
8	20	49248000
8	20	48812000
8	20	47910000
8	20	47258000
8	20	47986000
8	20	48336000
8	20	49248000
8	20	48812000
8	20	47910000
8	20	47258000
8	20	47986000
8	20	48336000
8	20	49248000
8	20	48812000
8	20	47910000
8	20	47008000
8	20	46562000
8	20	47544000
8	20	45360000
8	20	37966000
8	20	46418000
8	20	0
8	20	0
8	20	0
8	20	0
8	20	0
8	20	0
8	40	48502000
8	40	48872000
8	40	49268000
8	40	49404000
8	40	48812000
8	40	49956000
8	40	48502000
8	40	48872000
8	40	49268000
8	40	49404000
8	40	48812000
8	40	49956000
8	40	48502000
8	40	48872000
8	40	49268000
8	40	49404000
8	40	48812000
8	40	49956000
8	40	49186000
8	40	47756000
8	40	45064000
8	40	45360000
8	40	37966000
8	40	45154000
8	40	0
8	40	0
8	40	0
8	40	0
8	40	0
8	40	0
8	80	48502000
8	80	49042000
8	80	49720000
8	80	48966000
8	80	48710000
8	80	48490000
8	80	48502000
8	80	49042000
8	80	49720000
8	80	48966000
8	80	48710000
8	80	48490000
8	80	48502000
8	80	49042000
8	80	49720000
8	80	48966000
8	80	48710000
8	80	48490000
8	80	49396000
8	80	41360000
8	80	38514000
8	80	38618000
8	80	30766000
8	80	39232000
8	80	0
8	80	0
8	80	0
8	80	0
8	80	0
8	80	0
8	160	48486000
8	160	49548000
8	160	50132000
8	160	49696000
8	160	49456000
8	160	48514000
8	160	48486000
8	160	49548000
8	160	50132000
8	160	49696000
8	160	49456000
8	160	48514000
8	160	48486000
8	160	49548000
8	160	50132000
8	160	49696000
8	160	49456000
8	160	48514000
8	160	47556000
8	160	39512000
8	160	39120000
8	160	24830000
8	160	7392000
8	160	7392000
8	160	0
8	160	0
8	160	0
8	160	0
8	160	0
8	160	0
8	320	48962000
8	320	50144000
8	320	50684000
8	320	50518000
8	320	49478000
8	320	49146000
8	320	48962000
8	320	50144000
8	320	50684000
8	320	50518000
8	320	49478000
8	320	49146000
8	320	48962000
8	320	50144000
8	320	50684000
8	320	50518000
8	320	49478000
8	320	49146000
8	320	47552000
8	320	38024000
8	320	37892000
8	320	7392000
8	320	7392000
8	320	0
8	320	0
8	320	0
8	320	0
8	320	0
8	320	0
8	320	0
8	640	49104000
8	640	49868000
8	640	50922000
8	640	51378000
8	640	49878000
8	640	49092000
8	640	49104000
8	640	49868000
8	640	50922000
8	640	51378000
8	640	49878000
8	640	49092000
8	640	49104000
8	640	49868000
8	640	50922000
8	640	51378000
8	640	49878000
8	640	49092000
8	640	47680000
8	640	38024000
8	640	23052000
8	640	0
8	640	0
8	640	0
8	640	0
8	640	0
8	640	0
8	640	0
8	640	0
8	640	0
10	10	44548000
10	10	43076000
10	10	44178000
10	10	45938000
10	10	46008000
10	10	44548000
10	10	44548000
10	10	43076000
10	10	44178000
10	10	45938000
10	10	46008000
10	10	44548000
10	10	44548000
10	10	43076000
10	10	44178000
10	10	45938000
10	10	46008000
10	10	44548000
10	10	45322000
10	10	46668000
10	10	48720000
10	10	45402000
10	10	37966000
10	10	45322000
10	10	0
10	10	0
10	10	0
10	10	0
10	10	0
10	10	0
10	20	45714000
10	20	44718000
10	20	44650000
10	20	45938000
10	20	46008000
10	20	44284000
10	20	45714000
10	20	44718000
10	20	44650000
10	20	45938000
10	20	46008000
10	20	44284000
10	20	45714000
10	20	44718000
10	20	44650000
10	20	45938000
10	20	46008000
10	20	44284000
10	20	46008000
10	20	46936000
10	20	48184000
10	20	45402000
10	20	37966000
10	20	47802000
10	20	0
10	20	0
10	20	0
10	20	0
10	20	0
10	20	0
10	40	47690000
10	40	46818000
10	40	46800000
10	40	46656000
10	40	46008000
10	40	46168000
10	40	47690000
10	40	46818000
10	40	46800000
10	40	46656000
10	40	46008000
10	40	46168000
10	40	47690000
10	40	46818000
10	40	46800000
10	40	46656000
10	40	46008000
10	40	46168000
10	40	48436000
10	40	46752000
10	40	45640000
10	40	45402000
10	40	37966000
10	40	45134000
10	40	0
10	40	0
10	40	0
10	40	0
10	40	0
10	40	0
10	80	48902000
10	80	47420000
10	80	4.7e+07
10	80	46534000
10	80	45446000
10	80	47004000
10	80	48902000
10	80	47420000
10	80	4.7e+07
10	80	46534000
10	80	45446000
10	80	47004000
10	80	48902000
10	80	47420000
10	80	4.7e+07
10	80	46534000
10	80	45446000
10	80	47004000
10	80	49672000
10	80	43144000
10	80	38528000
10	80	38642000
10	80	30766000
10	80	39232000
10	80	0
10	80	0
10	80	0
10	80	0
10	80	0
10	80	0
10	160	49354000
10	160	48342000
10	160	47586000
10	160	46810000
10	160	45686000
10	160	45318000
10	160	49354000
10	160	48342000
10	160	47586000
10	160	46810000
10	160	45686000
10	160	45318000
10	160	49354000
10	160	48342000
10	160	47586000
10	160	46810000
10	160	45686000
10	160	45318000
10	160	49904000
10	160	40380000
10	160	39120000
10	160	24830000
10	160	7392000
10	160	7392000
10	160	0
10	160	0
10	160	0
10	160	0
10	160	0
10	160	0
10	320	49924000
10	320	48986000
10	320	48952000
10	320	47778000
10	320	46198000
10	320	46900000
10	320	49924000
10	320	48986000
10	320	48952000
10	320	47778000
10	320	46198000
10	320	46900000
10	320	49924000
10	320	48986000
10	320	48952000
10	320	47778000
10	320	46198000
10	320	46900000
10	320	49760000
10	320	39384000
10	320	37892000
10	320	7392000
10	320	7392000
10	320	0
10	320	0
10	320	0
10	320	0
10	320	0
10	320	0
10	320	0
10	640	50120000
10	640	50076000
10	640	50392000
10	640	49472000
10	640	48300000
10	640	48048000
10	640	50120000
10	640	50076000
10	640	50392000
10	640	49472000
10	640	48300000
10	640	48048000
10	640	50120000
10	640	50076000
10	640	50392000
10	640	49472000
10	640	48300000
10	640	48048000
10	640	49764000
10	640	39384000
10	640	23052000
10	640	0
10	640	0
10	640	0
10	640	0
10	640	0
10	640	0
10	640	0
10	640	0
10	640	0
12	10	40774000
12	10	35392000
12	10	39582000
12	10	41748000
12	10	42530000
12	10	40774000
12	10	40774000
12	10	35392000
12	10	39582000
12	10	41748000
12	10	42530000
12	10	40774000
12	10	40774000
12	10	35392000
12	10	39582000
12	10	41748000
12	10	42530000
12	10	40774000
12	10	44572000
12	10	45120000
12	10	47688000
12	10	48006000
12	10	37966000
12	10	44572000
12	10	0
12	10	0
12	10	0
12	10	0
12	10	0
12	10	0
12	20	43302000
12	20	38610000
12	20	40234000
12	20	41748000
12	20	42530000
12	20	38816000
12	20	43302000
12	20	38610000
12	20	40234000
12	20	41748000
12	20	42530000
12	20	38816000
12	20	43302000
12	20	38610000
12	20	40234000
12	20	41748000
12	20	42530000
12	20	38816000
12	20	45466000
12	20	45798000
12	20	47486000
12	20	48006000
12	20	37966000
12	20	46830000
12	20	0
12	20	0
12	20	0
12	20	0
12	20	0
12	20	0
12	40	46524000
12	40	42636000
12	40	44060000
12	40	42438000
12	40	42530000
12	40	43370000
12	40	46524000
12	40	42636000
12	40	44060000
12	40	42438000
12	40	42530000
12	40	43370000
12	40	46524000
12	40	42636000
12	40	44060000
12	40	42438000
12	40	42530000
12	40	43370000
12	40	48070000
12	40	46096000
12	40	44922000
12	40	44820000
12	40	37966000
12	40	44426000
12	40	0
12	40	0
12	40	0
12	40	0
12	40	0
12	40	0
12	80	48494000
12	80	44160000
12	80	45292000
12	80	44406000
12	80	42284000
12	80	43714000
12	80	48494000
12	80	44160000
12	80	45292000
12	80	44406000
12	80	42284000
12	80	43714000
12	80	48494000
12	80	44160000
12	80	45292000
12	80	44406000
12	80	42284000
12	80	43714000
12	80	49444000
12	80	42374000
12	80	40272000
12	80	40486000
12	80	30766000
12	80	39232000
12	80	0
12	80	0
12	80	0
12	80	0
12	80	0
12	80	0
12	160	49202000
12	160	45880000
12	160	46156000
12	160	44844000
12	160	43466000
12	160	42140000
12	160	49202000
12	160	45880000
12	160	46156000
12	160	44844000
12	160	43466000
12	160	42140000
12	160	49202000
12	160	45880000
12	160	46156000
12	160	44844000
12	160	43466000
12	160	42140000
12	160	50266000
12	160	43372000
12	160	39120000
12	160	24830000
12	160	7392000
12	160	7392000
12	160	0
12	160	0
12	160	0
12	160	0
12	160	0
12	160	0
12	320	50206000
12	320	47102000
12	320	47210000
12	320	45578000
12	320	44796000
12	320	44168000
12	320	50206000
12	320	47102000
12	320	47210000
12	320	45578000
12	320	44796000
12	320	44168000
12	320	50206000
12	320	47102000
12	320	47210000
12	320	45578000
12	320	44796000
12	320	44168000
12	320	49760000
12	320	42376000
12	320	37892000
12	320	7392000
12	320	7392000
12	320	0
12	320	0
12	320	0
12	320	0
12	320	0
12	320	0
12	320	0
12	640	51054000
12	640	49576000
12	640	50128000
12	640	47518000
12	640	47128000
12	640	46532000
12	640	51054000
12	640	49576000
12	640	50128000
12	640	47518000
12	640	47128000
12	640	46532000
12	640	51054000
12	640	49576000
12	640	50128000
12	640	47518000
12	640	47128000
12	640	46532000
12	640	49764000
12	640	42448000
12	640	23052000
12	640	0
12	640	0
12	640	0
12	640	0
12	640	0
12	640	0
12	640	0
12	640	0
12	640	0
14	10	31990000
14	10	30294000
14	10	33616000
14	10	36220000
14	10	38648000
14	10	31990000
14	10	31990000
14	10	30294000
14	10	33616000
14	10	36220000
14	10	38648000
14	10	31990000
14	10	31990000
14	10	30294000
14	10	33616000
14	10	36220000
14	10	38648000
14	10	31990000
14	10	40574000
14	10	40576000
14	10	47080000
14	10	48184000
14	10	37966000
14	10	40574000
14	10	0
14	10	0
14	10	0
14	10	0
14	10	0
14	10	0
14	20	35714000
14	20	34204000
14	20	34718000
14	20	36220000
14	20	38648000
14	20	34340000
14	20	35714000
14	20	34204000
14	20	34718000
14	20	36220000
14	20	38648000
14	20	34340000
14	20	35714000
14	20	34204000
14	20	34718000
14	20	36220000
14	20	38648000
14	20	34340000
14	20	42644000
14	20	43282000
14	20	46940000
14	20	48184000
14	20	37966000
14	20	43416000
14	20	0
14	20	0
14	20	0
14	20	0
14	20	0
14	20	0
14	40	40042000
14	40	38516000
14	40	39184000
14	40	37216000
14	40	38648000
14	40	39890000
14	40	40042000
14	40	38516000
14	40	39184000
14	40	37216000
14	40	38648000
14	40	39890000
14	40	40042000
14	40	38516000
14	40	39184000
14	40	37216000
14	40	38648000
14	40	39890000
14	40	46180000
14	40	44776000
14	40	44418000
14	40	44666000
14	40	37966000
14	40	44096000
14	40	0
14	40	0
14	40	0
14	40	0
14	40	0
14	40	0
14	80	44008000
14	80	41880000
14	80	41872000
14	80	40396000
14	80	38552000
14	80	39526000
14	80	44008000
14	80	41880000
14	80	41872000
14	80	40396000
14	80	38552000
14	80	39526000
14	80	44008000
14	80	41880000
14	80	41872000
14	80	40396000
14	80	38552000
14	80	39526000
14	80	48026000
14	80	44046000
14	80	39960000
14	80	40486000
14	80	30766000
14	80	39232000
14	80	0
14	80	0
14	80	0
14	80	0
14	80	0
14	80	0
14	160	46310000
14	160	45170000
14	160	43828000
14	160	41994000
14	160	40268000
14	160	39824000
14	160	46310000
14	160	45170000
14	160	43828000
14	160	41994000
14	160	40268000
14	160	39824000
14	160	46310000
14	160	45170000
14	160	43828000
14	160	41994000
14	160	40268000
14	160	39824000
14	160	49626000
14	160	45524000
14	160	39120000
14	160	24830000
14	160	7392000
14	160	7392000
14	160	0
14	160	0
14	160	0
14	160	0
14	160	0
14	160	0
14	320	47950000
14	320	46964000
14	320	45764000
14	320	44162000
14	320	43252000
14	320	42476000
14	320	47950000
14	320	46964000
14	320	45764000
14	320	44162000
14	320	43252000
14	320	42476000
14	320	47950000
14	320	46964000
14	320	45764000
14	320	44162000
14	320	43252000
14	320	42476000
14	320	49848000
14	320	45220000
14	320	37892000
14	320	7392000
14	320	7392000
14	320	0
14	320	0
14	320	0
14	320	0
14	320	0
14	320	0
14	320	0
14	640	50104000
14	640	49744000
14	640	47878000
14	640	45514000
14	640	45506000
14	640	46532000
14	640	50104000
14	640	49744000
14	640	47878000
14	640	45514000
14	640	45506000
14	640	46532000
14	640	50104000
14	640	49744000
14	640	47878000
14	640	45514000
14	640	45506000
14	640	46532000
14	640	49748000
14	640	42448000
14	640	23052000
14	640	0
14	640	0
14	640	0
14	640	0
14	640	0
14	640	0
14	640	0
14	640	0
14	640	0
16	10	27896000
16	10	27438000
16	10	28612000
16	10	32200000
16	10	36830000
16	10	27896000
16	10	27896000
16	10	27438000
16	10	28612000
16	10	32200000
16	10	36830000
16	10	27896000
16	10	27896000
16	10	27438000
16	10	28612000
16	10	32200000
16	10	36830000
16	10	27896000
16	10	38346000
16	10	39070000
16	10	47032000
16	10	48184000
16	10	37966000
16	10	38346000
16	10	0
16	10	0
16	10	0
16	10	0
16	10	0
16	10	0
16	20	32056000
16	20	31742000
16	20	30122000
16	20	32200000
16	20	36830000
16	20	28782000
16	20	32056000
16	20	31742000
16	20	30122000
16	20	32200000
16	20	36830000
16	20	28782000
16	20	32056000
16	20	31742000
16	20	30122000
16	20	32200000
16	20	36830000
16	20	28782000
16	20	41862000
16	20	43518000
16	20	46758000
16	20	48184000
16	20	37966000
16	20	43060000
16	20	0
16	20	0
16	20	0
16	20	0
16	20	0
16	20	0
16	40	36788000
16	40	36914000
16	40	35876000
16	40	33380000
16	40	36830000
16	40	36022000
16	40	36788000
16	40	36914000
16	40	35876000
16	40	33380000
16	40	36830000
16	40	36022000
16	40	36788000
16	40	36914000
16	40	35876000
16	40	33380000
16	40	36830000
16	40	36022000
16	40	45592000
16	40	44952000
16	40	44494000
16	40	44666000
16	40	37966000
16	40	44352000
16	40	0
16	40	0
16	40	0
16	40	0
16	40	0
16	40	0
16	80	41624000
16	80	40894000
16	80	39294000
16	80	37014000
16	80	36608000
16	80	37454000
16	80	41624000
16	80	40894000
16	80	39294000
16	80	37014000
16	80	36608000
16	80	37454000
16	80	41624000
16	80	40894000
16	80	39294000
16	80	37014000
16	80	36608000
16	80	37454000
16	80	47584000
16	80	46394000
16	80	39960000
16	80	40486000
16	80	30766000
16	80	39232000
16	80	0
16	80	0
16	80	0
16	80	0
16	80	0
16	80	0
16	160	44810000
16	160	44140000
16	160	41506000
16	160	39112000
16	160	38290000
16	160	38766000
16	160	44810000
16	160	44140000
16	160	41506000
16	160	39112000
16	160	38290000
16	160	38766000
16	160	44810000
16	160	44140000
16	160	41506000
16	160	39112000
16	160	38290000
16	160	38766000
16	160	49520000
16	160	47872000
16	160	39120000
16	160	24830000
16	160	7392000
16	160	7392000
16	160	0
16	160	0
16	160	0
16	160	0
16	160	0
16	160	0
16	320	46798000
16	320	46046000
16	320	44488000
16	320	42906000
16	320	41558000
16	320	42054000
16	320	46798000
16	320	46046000
16	320	44488000
16	320	42906000
16	320	41558000
16	320	42054000
16	320	46798000
16	320	46046000
16	320	44488000
16	320	42906000
16	320	41558000
16	320	42054000
16	320	49956000
16	320	45220000
16	320	37892000
16	320	7392000
16	320	7392000
16	320	0
16	320	0
16	320	0
16	320	0
16	320	0
16	320	0
16	320	0
16	640	49064000
16	640	48668000
16	640	47816000
16	640	44528000
16	640	44654000
16	640	46532000
16	640	49064000
16	640	48668000
16	640	47816000
16	640	44528000
16	640	44654000
16	640	46532000
16	640	49064000
16	640	48668000
16	640	47816000
16	640	44528000
16	640	44654000
16	640	46532000
16	640	49856000
16	640	42448000
16	640	23052000
16	640	0
16	640	0
16	640	0
16	640	0
16	640	0
16	640	0
16	640	0
16	640	0
16	640	0
