fecha	cols	rows	boosting	objective	metric	first_metric_only	boost_from_average	feature_pre_filter	force_row_wise	verbosity	max_depth	min_gain_to_split	min_sum_hessian_in_leaf	lambda_l1	lambda_l2	max_bin	num_iterations	bagging_fraction	pos_bagging_fraction	neg_bagging_fraction	is_unbalance	scale_pos_weight	drop_rate	max_drop	skip_drop	extra_trees	seed	learning_rate	feature_fraction	num_leaves	min_data_in_leaf	estimulos	ganancia	iteracion_bayesiana
20240503 212615	1061	301494	dart	binary	custom	TRUE	TRUE	FALSE	TRUE	-100	-1	0	0.001	0	0	31	158	1	1	1	FALSE	1	0.1	50	0.5	FALSE	100069	0.407730382114485	0.801753421852996	1306	1600	14292	61434524.7376312	1
20240503 230751	1061	301494	dart	binary	custom	TRUE	TRUE	FALSE	TRUE	-100	-1	0	0.001	0	0	31	494	1	1	1	FALSE	1	0.1	50	0.5	FALSE	100069	0.21383096977893	0.616823368717278	1256	1255	11196	61069811.0944528	2
20240504 004908	1061	301494	dart	binary	custom	TRUE	TRUE	FALSE	TRUE	-100	-1	0	0.001	0	0	31	258	1	1	1	FALSE	1	0.1	50	0.5	FALSE	100069	0.318831984543254	0.841267799192272	1489	1309	10708	61270482.7586207	3
20240504 021530	1061	301494	dart	binary	custom	TRUE	TRUE	FALSE	TRUE	-100	-1	0	0.001	0	0	31	217	1	1	1	FALSE	1	0.1	50	0.5	FALSE	100069	0.433485053332672	0.756361532979225	438	1745	13064	60363082.4587706	4
20240504 042256	1061	301494	dart	binary	custom	TRUE	TRUE	FALSE	TRUE	-100	-1	0	0.001	0	0	31	380	1	1	1	FALSE	1	0.1	50	0.5	FALSE	100069	0.170206661928209	0.708926016198614	769	640	11870	61725592.203898	5
20240504 062833	1061	301494	dart	binary	custom	TRUE	TRUE	FALSE	TRUE	-100	-1	0	0.001	0	0	31	988	1	1	1	FALSE	1	0.1	50	0.5	FALSE	100069	0.0457193363656399	0.871201785452424	589	942	13203	61791959.5202399	6
20240504 082226	1061	301494	dart	binary	custom	TRUE	TRUE	FALSE	TRUE	-100	-1	0	0.001	0	0	31	165	1	1	1	FALSE	1	0.1	50	0.5	FALSE	100069	0.267959243141498	0.698062276886067	1705	913	10992	62378722.6386807	7
20240504 104230	1061	301494	dart	binary	custom	TRUE	TRUE	FALSE	TRUE	-100	-1	0	0.001	0	0	31	482	1	1	1	FALSE	1	0.1	50	0.5	FALSE	100069	0.12978480622469	0.547170882249843	995	544	11535	60657908.5457271	8
20240504 114132	1061	301494	dart	binary	custom	TRUE	TRUE	FALSE	TRUE	-100	-1	0	0.001	0	0	31	208	1	1	1	FALSE	1	0.1	50	0.5	FALSE	100069	0.376464876672618	0.875122337974712	142	116	11464	57180713.6431784	9
20240504 130642	1061	301494	dart	binary	custom	TRUE	TRUE	FALSE	TRUE	-100	-1	0	0.001	0	0	31	681	1	1	1	FALSE	1	0.1	50	0.5	FALSE	100069	0.493088420778051	0.650729465531588	1144	1829	11929	59629071.964018	10
20240504 145115	1061	301494	dart	binary	custom	TRUE	TRUE	FALSE	TRUE	-100	-1	0	0.001	0	0	31	646	1	1	1	FALSE	1	0.1	50	0.5	FALSE	100069	0.139029263903203	0.511883972409849	1562	1461	12736	61087532.2338831	11
20240504 153751	1061	301494	dart	binary	custom	TRUE	TRUE	FALSE	TRUE	-100	-1	0	0.001	0	0	31	1188	1	1	1	FALSE	1	0.1	50	0.5	FALSE	100069	0.230728109984821	0.580077559083265	55	788	11817	60888730.1349325	12
20240504 170900	1061	301494	dart	binary	custom	TRUE	TRUE	FALSE	TRUE	-100	-1	0	0.001	0	0	31	2468	1	1	1	FALSE	1	0.1	50	0.5	FALSE	100069	0.0804965378200356	0.557148840444153	274	1987	13158	60386869.5652174	13
20240504 185924	1061	301494	dart	binary	custom	TRUE	TRUE	FALSE	TRUE	-100	-1	0	0.001	0	0	31	254	1	1	1	FALSE	1	0.1	50	0.5	FALSE	100069	0.440305690545899	0.638724151173286	2045	418	14015	59047353.8230885	14
20240504 222413	1061	301494	dart	binary	custom	TRUE	TRUE	FALSE	TRUE	-100	-1	0	0.001	0	0	31	2680	1	1	1	FALSE	1	0.1	50	0.5	FALSE	100069	0.0180566884627138	0.746170269361096	1849	305	12899	60206988.005997	15
20240505 000433	1061	301494	dart	binary	custom	TRUE	TRUE	FALSE	TRUE	-100	-1	0	0.001	0	0	31	663	1	1	1	FALSE	1	0.1	50	0.5	FALSE	100069	0.306898385858917	0.779411451412035	850	1137	13210	60073808.095952	16
20240505 020607	1061	301494	dart	binary	custom	TRUE	TRUE	FALSE	TRUE	-100	-1	0	0.001	0	0	31	1013	1	1	1	FALSE	1	0.1	50	0.5	FALSE	100069	0.103827546089692	0.766372381516363	2042	855	13646	60637772.113943	17
20240505 035901	1061	301494	dart	binary	custom	TRUE	TRUE	FALSE	TRUE	-100	-1	0	0.001	0	0	31	303	1	1	1	FALSE	1	0.1	50	0.5	FALSE	100069	0.188823639875158	0.705848177360805	1452	929	11682	61630401.7991005	18
20240505 055501	1061	301494	dart	binary	custom	TRUE	TRUE	FALSE	TRUE	-100	-1	0	0.001	0	0	31	158	1	1	1	FALSE	1	0.1	50	0.5	FALSE	100069	0.20670466195124	0.899903300248512	1544	906	14741	60032832.083958	19
20240505 153634	1061	301494	dart	binary	custom	TRUE	TRUE	FALSE	TRUE	-100	-1	0	0.001	0	0	31	381	1	1	1	FALSE	1	0.1	50	0.5	FALSE	100069	0.272960409087998	0.721621375046722	1697	1935	11664	60724101.9490255	20
20240505 174356	1061	301494	dart	binary	custom	TRUE	TRUE	FALSE	TRUE	-100	-1	0	0.001	0	0	31	322	1	1	1	FALSE	1	0.1	50	0.5	FALSE	100069	0.26299137563962	0.697757026140569	533	468	13522	60918677.6611694	21
20240505 192854	1061	301494	dart	binary	custom	TRUE	TRUE	FALSE	TRUE	-100	-1	0	0.001	0	0	31	244	1	1	1	FALSE	1	0.1	50	0.5	FALSE	100069	0.23866716061821	0.698617591659104	2041	1401	11083	60871779.6101949	22
20240505 214202	1061	301494	dart	binary	custom	TRUE	TRUE	FALSE	TRUE	-100	-1	0	0.001	0	0	31	305	1	1	1	FALSE	1	0.1	50	0.5	FALSE	100069	0.26664498204831	0.705788101851475	1896	412	11257	60459944.5277361	23
20240505 234643	1061	301494	dart	binary	custom	TRUE	TRUE	FALSE	TRUE	-100	-1	0	0.001	0	0	31	331	1	1	1	FALSE	1	0.1	50	0.5	FALSE	100069	0.172068745301247	0.699371088873621	1169	854	11666	61136092.9535232	24
20240506 013645	1061	301494	dart	binary	custom	TRUE	TRUE	FALSE	TRUE	-100	-1	0	0.001	0	0	31	2545	1	1	1	FALSE	1	0.1	50	0.5	FALSE	100069	0.177877991640338	0.708588245952352	679	1166	15198	59860752.6236882	25
20240506 033121	1061	301494	dart	binary	custom	TRUE	TRUE	FALSE	TRUE	-100	-1	0	0.001	0	0	31	88	1	1	1	FALSE	1	0.1	50	0.5	FALSE	100069	0.281995861497302	0.656764099184373	1799	929	11207	60759329.8350825	26
20240506 054453	1061	301494	dart	binary	custom	TRUE	TRUE	FALSE	TRUE	-100	-1	0	0.001	0	0	31	2756	1	1	1	FALSE	1	0.1	50	0.5	FALSE	100069	0.0105186454467385	0.710354430989171	690	731	13605	61109077.9610195	27
20240506 074651	1061	301494	dart	binary	custom	TRUE	TRUE	FALSE	TRUE	-100	-1	0	0.001	0	0	31	3752	1	1	1	FALSE	1	0.1	50	0.5	FALSE	100069	0.0172240394396646	0.50030462625429	899	908	14646	57797652.173913	28
20240506 094847	1061	301494	dart	binary	custom	TRUE	TRUE	FALSE	TRUE	-100	-1	0	0.001	0	0	31	381	1	1	1	FALSE	1	0.1	50	0.5	FALSE	100069	0.239287939061266	0.695364345643689	1613	816	12806	60986137.9310345	29
20240506 114331	1061	301494	dart	binary	custom	TRUE	TRUE	FALSE	TRUE	-100	-1	0	0.001	0	0	31	450	1	1	1	FALSE	1	0.1	50	0.5	FALSE	100069	0.268943732316767	0.692827863354025	1592	982	10951	60875515.7421289	30
20240506 131813	1061	301494	dart	binary	custom	TRUE	TRUE	FALSE	TRUE	-100	-1	0	0.001	0	0	31	2755	1	1	1	FALSE	1	0.1	50	0.5	FALSE	100069	0.0390182484598351	0.856226892413256	240	1638	13006	60171625.1874063	31
20240506 153341	1061	301494	dart	binary	custom	TRUE	TRUE	FALSE	TRUE	-100	-1	0	0.001	0	0	31	429	1	1	1	FALSE	1	0.1	50	0.5	FALSE	100069	0.202617906784597	0.698123849431189	1720	564	11265	60145989.5052474	32
20240506 172427	1061	301494	dart	binary	custom	TRUE	TRUE	FALSE	TRUE	-100	-1	0	0.001	0	0	31	173	1	1	1	FALSE	1	0.1	50	0.5	FALSE	100069	0.368657510146472	0.707668144022784	2009	906	12470	61804212.8935532	33
20240506 192420	1061	301494	dart	binary	custom	TRUE	TRUE	FALSE	TRUE	-100	-1	0	0.001	0	0	31	650	1	1	1	FALSE	1	0.1	50	0.5	FALSE	100069	0.0896188616478108	0.855170609194788	370	1001	12182	61094839.5802099	34
20240506 213026	1061	301494	dart	binary	custom	TRUE	TRUE	FALSE	TRUE	-100	-1	0	0.001	0	0	31	1679	1	1	1	FALSE	1	0.1	50	0.5	FALSE	100069	0.0453782778909837	0.700110306022745	1964	909	13485	61249647.6761619	35
20240506 231455	1061	301494	dart	binary	custom	TRUE	TRUE	FALSE	TRUE	-100	-1	0	0.001	0	0	31	245	1	1	1	FALSE	1	0.1	50	0.5	FALSE	100069	0.446253286249964	0.714647721936717	1606	907	14042	60157238.3808096	36
20240507 012237	1061	301494	dart	binary	custom	TRUE	TRUE	FALSE	TRUE	-100	-1	0	0.001	0	0	31	576	1	1	1	FALSE	1	0.1	50	0.5	FALSE	100069	0.326503731549544	0.700534656252708	1865	913	10874	60714491.7541229	37
20240507 032301	1061	301494	dart	binary	custom	TRUE	TRUE	FALSE	TRUE	-100	-1	0	0.001	0	0	31	408	1	1	1	FALSE	1	0.1	50	0.5	FALSE	100069	0.352453474655179	0.835262130015664	2048	1607	13726	60565508.2458771	38
20240507 055550	1061	301494	dart	binary	custom	TRUE	TRUE	FALSE	TRUE	-100	-1	0	0.001	0	0	31	4883	1	1	1	FALSE	1	0.1	50	0.5	FALSE	100069	0.0101277290392276	0.832823712444555	596	860	11423	59882364.3178411	39
20240507 081904	1061	301494	dart	binary	custom	TRUE	TRUE	FALSE	TRUE	-100	-1	0	0.001	0	0	31	931	1	1	1	FALSE	1	0.1	50	0.5	FALSE	100069	0.140750844407367	0.689622165085139	1505	1038	12553	60374883.0584708	40
20240507 102941	1061	301494	dart	binary	custom	TRUE	TRUE	FALSE	TRUE	-100	-1	0	0.001	0	0	31	133	1	1	1	FALSE	1	0.1	50	0.5	FALSE	100069	0.280517437196863	0.711396578323955	1863	1314	12550	61313478.2608696	41
20240507 123613	1061	301494	dart	binary	custom	TRUE	TRUE	FALSE	TRUE	-100	-1	0	0.001	0	0	31	210	1	1	1	FALSE	1	0.1	50	0.5	FALSE	100069	0.30997450005059	0.720604546242544	2041	1415	12824	61105571.2143928	42
20240507 144045	1061	301494	dart	binary	custom	TRUE	TRUE	FALSE	TRUE	-100	-1	0	0.001	0	0	31	169	1	1	1	FALSE	1	0.1	50	0.5	FALSE	100069	0.317905419382655	0.718435650897554	2001	1403	12046	61184938.5307346	43
20240507 163701	1061	301494	dart	binary	custom	TRUE	TRUE	FALSE	TRUE	-100	-1	0	0.001	0	0	31	2246	1	1	1	FALSE	1	0.1	50	0.5	FALSE	100069	0.0206017229913984	0.875382642864261	653	1148	12223	61210820.089955	44
20240507 181932	1061	301494	dart	binary	custom	TRUE	TRUE	FALSE	TRUE	-100	-1	0	0.001	0	0	31	808	1	1	1	FALSE	1	0.1	50	0.5	FALSE	100069	0.342126516477198	0.792927577975186	2001	1430	11785	60732676.161919	45
20240507 185336	1061	301494	dart	binary	custom	TRUE	TRUE	FALSE	TRUE	-100	-1	0	0.001	0	0	31	1756	1	1	1	FALSE	1	0.1	50	0.5	FALSE	100069	0.224025365044707	0.710020618268903	37	700	13011	60374316.3418291	46
20240507 210140	1061	301494	dart	binary	custom	TRUE	TRUE	FALSE	TRUE	-100	-1	0	0.001	0	0	31	899	1	1	1	FALSE	1	0.1	50	0.5	FALSE	100069	0.181980252785548	0.714155987080872	2041	894	13098	61187079.4602699	47
20240507 224220	1061	301494	dart	binary	custom	TRUE	TRUE	FALSE	TRUE	-100	-1	0	0.001	0	0	31	163	1	1	1	FALSE	1	0.1	50	0.5	FALSE	100069	0.394908383947065	0.86903085059452	565	1217	10696	60106062.9685157	48
20240508 004141	1061	301494	dart	binary	custom	TRUE	TRUE	FALSE	TRUE	-100	-1	0	0.001	0	0	31	429	1	1	1	FALSE	1	0.1	50	0.5	FALSE	100069	0.242445612477932	0.710735488056108	1995	905	11895	60840157.4212894	49
20240508 023708	1061	301494	dart	binary	custom	TRUE	TRUE	FALSE	TRUE	-100	-1	0	0.001	0	0	31	210	1	1	1	FALSE	1	0.1	50	0.5	FALSE	100069	0.232155701286228	0.576500656974554	1858	1438	12190	61039655.1724138	50
20240508 044914	1061	301494	dart	binary	custom	TRUE	TRUE	FALSE	TRUE	-100	-1	0	0.001	0	0	31	1419	1	1	1	FALSE	1	0.1	50	0.5	FALSE	100069	0.0305258249185104	0.861989505483347	1613	1280	12684	61073037.4812594	51
20240508 064537	1061	301494	dart	binary	custom	TRUE	TRUE	FALSE	TRUE	-100	-1	0	0.001	0	0	31	422	1	1	1	FALSE	1	0.1	50	0.5	FALSE	100069	0.289011924807584	0.545843294192173	1481	2000	13064	60767700.149925	52
20240508 084612	1061	301494	dart	binary	custom	TRUE	TRUE	FALSE	TRUE	-100	-1	0	0.001	0	0	31	786	1	1	1	FALSE	1	0.1	50	0.5	FALSE	100069	0.421154948516386	0.633490654806456	1682	1347	12821	61315890.5547226	53
20240508 105350	1061	301494	dart	binary	custom	TRUE	TRUE	FALSE	TRUE	-100	-1	0	0.001	0	0	31	3462	1	1	1	FALSE	1	0.1	50	0.5	FALSE	100069	0.0289950849762446	0.628640844265423	2048	1361	14647	58771503.7481259	54
20240508 125600	1061	301494	dart	binary	custom	TRUE	TRUE	FALSE	TRUE	-100	-1	0	0.001	0	0	31	734	1	1	1	FALSE	1	0.1	50	0.5	FALSE	100069	0.358192895026368	0.670968310884774	1628	1510	14091	60984991.0044978	55
20240508 151102	1061	301494	dart	binary	custom	TRUE	TRUE	FALSE	TRUE	-100	-1	0	0.001	0	0	31	279	1	1	1	FALSE	1	0.1	50	0.5	FALSE	100069	0.339532679132947	0.500244348905502	1965	1308	10685	60992496.2518741	56
20240508 172432	1061	301494	dart	binary	custom	TRUE	TRUE	FALSE	TRUE	-100	-1	0	0.001	0	0	31	314	1	1	1	FALSE	1	0.1	50	0.5	FALSE	100069	0.291805749879232	0.592462821055685	1494	1238	11872	60248527.7361319	57
20240508 192523	1061	301494	dart	binary	custom	TRUE	TRUE	FALSE	TRUE	-100	-1	0	0.001	0	0	31	354	1	1	1	FALSE	1	0.1	50	0.5	FALSE	100069	0.372833014963472	0.708471777377851	2047	1585	12554	60672632.6836582	58
20240508 221630	1061	301494	dart	binary	custom	TRUE	TRUE	FALSE	TRUE	-100	-1	0	0.001	0	0	31	962	1	1	1	FALSE	1	0.1	50	0.5	FALSE	100069	0.0698336905493116	0.899597650209765	1202	765	14443	60790880.05997	59
20240509 000442	1061	301494	dart	binary	custom	TRUE	TRUE	FALSE	TRUE	-100	-1	0	0.001	0	0	31	210	1	1	1	FALSE	1	0.1	50	0.5	FALSE	100069	0.336542828660603	0.703858682782327	1887	2000	10674	61450263.868066	60
20240509 014830	1061	301494	dart	binary	custom	TRUE	TRUE	FALSE	TRUE	-100	-1	0	0.001	0	0	31	126	1	1	1	FALSE	1	0.1	50	0.5	FALSE	100069	0.339773228370551	0.706324142914463	1862	2000	10953	61177041.9790105	61
20240509 032736	1061	301494	dart	binary	custom	TRUE	TRUE	FALSE	TRUE	-100	-1	0	0.001	0	0	31	207	1	1	1	FALSE	1	0.1	50	0.5	FALSE	100069	0.341767183440325	0.696897298104104	2048	1626	13450	60903373.3133433	62
20240509 045613	1061	301494	dart	binary	custom	TRUE	TRUE	FALSE	TRUE	-100	-1	0	0.001	0	0	31	142	1	1	1	FALSE	1	0.1	50	0.5	FALSE	100069	0.378656030255053	0.727758234368832	2045	2000	13572	62452875.5622189	63
20240509 062452	1061	301494	dart	binary	custom	TRUE	TRUE	FALSE	TRUE	-100	-1	0	0.001	0	0	31	641	1	1	1	FALSE	1	0.1	50	0.5	FALSE	100069	0.389789814039621	0.740079845311626	2046	2000	11940	62016221.8890555	64
20240509 075311	1061	301494	dart	binary	custom	TRUE	TRUE	FALSE	TRUE	-100	-1	0	0.001	0	0	31	199	1	1	1	FALSE	1	0.1	50	0.5	FALSE	100069	0.394884272382953	0.740731434350182	2048	1999	11234	60360788.6056972	65
20240509 092153	1061	301494	dart	binary	custom	TRUE	TRUE	FALSE	TRUE	-100	-1	0	0.001	0	0	31	63	1	1	1	FALSE	1	0.1	50	0.5	FALSE	100069	0.3734299886323	0.719589298438251	2041	2000	11639	60811155.922039	66
