fecha	cols	rows	boosting	objective	metric	first_metric_only	boost_from_average	feature_pre_filter	force_row_wise	verbosity	max_depth	min_gain_to_split	min_sum_hessian_in_leaf	lambda_l1	lambda_l2	max_bin	num_iterations	bagging_fraction	pos_bagging_fraction	neg_bagging_fraction	is_unbalance	scale_pos_weight	drop_rate	max_drop	skip_drop	extra_trees	seed	learning_rate	feature_fraction	num_leaves	min_data_in_leaf	estimulos	ganancia	iteracion_bayesiana
20240503 173436	1070	301019	gbdt	binary	custom	TRUE	TRUE	FALSE	TRUE	-100	-1	0	0.001	0	0	31	288	1	1	1	FALSE	1	0.1	50	0.5	FALSE	889963	0.361441699104441	0.77860194263612	661	1010	12072	53640971.5142429	1
20240503 173707	1070	301019	gbdt	binary	custom	TRUE	TRUE	FALSE	TRUE	-100	-1	0	0.001	0	0	31	69	1	1	1	FALSE	1	0.1	50	0.5	FALSE	889963	0.211482172810249	0.610742662744474	527	1692	11723	59198736.131934	2
20240503 174034	1070	301019	gbdt	binary	custom	TRUE	TRUE	FALSE	TRUE	-100	-1	0	0.001	0	0	31	259	1	1	1	FALSE	1	0.1	50	0.5	FALSE	889963	0.249892247670962	0.572814493951251	1600	1822	11573	55928976.011994	3
20240503 174348	1070	301019	gbdt	binary	custom	TRUE	TRUE	FALSE	TRUE	-100	-1	0	0.001	0	0	31	335	1	1	1	FALSE	1	0.1	50	0.5	FALSE	889963	0.128325353842327	0.628963855624777	1114	1288	15571	58412397.3013493	4
20240503 174555	1070	301019	gbdt	binary	custom	TRUE	TRUE	FALSE	TRUE	-100	-1	0	0.001	0	0	31	107	1	1	1	FALSE	1	0.1	50	0.5	FALSE	889963	0.301302401111525	0.764951216885786	224	1461	11072	56617343.3283358	5
20240503 175044	1070	301019	gbdt	binary	custom	TRUE	TRUE	FALSE	TRUE	-100	-1	0	0.001	0	0	31	265	1	1	1	FALSE	1	0.1	50	0.5	FALSE	889963	0.158087681268455	0.502698722897641	1163	479	14269	59078277.3613193	6
20240503 175323	1070	301019	gbdt	binary	custom	TRUE	TRUE	FALSE	TRUE	-100	-1	0	0.001	0	0	31	268	1	1	1	FALSE	1	0.1	50	0.5	FALSE	889963	0.459146286332381	0.663931547256131	335	329	13308	53213631.1844078	7
20240503 180046	1070	301019	gbdt	binary	custom	TRUE	TRUE	FALSE	TRUE	-100	-1	0	0.001	0	0	31	1028	1	1	1	FALSE	1	0.1	50	0.5	FALSE	889963	0.0327085500129623	0.680500923776811	1314	834	13413	61263548.7256372	8
20240503 180532	1070	301019	gbdt	binary	custom	TRUE	TRUE	FALSE	TRUE	-100	-1	0	0.001	0	0	31	118	1	1	1	FALSE	1	0.1	50	0.5	FALSE	889963	0.406842123879041	0.705886348598721	839	743	14210	54148950.5247376	9
20240503 181044	1070	301019	gbdt	binary	custom	TRUE	TRUE	FALSE	TRUE	-100	-1	0	0.001	0	0	31	968	1	1	1	FALSE	1	0.1	50	0.5	FALSE	889963	0.0757189834413697	0.806342523031459	910	1943	13908	58682056.9715142	10
20240503 181309	1070	301019	gbdt	binary	custom	TRUE	TRUE	FALSE	TRUE	-100	-1	0	0.001	0	0	31	103	1	1	1	FALSE	1	0.1	50	0.5	FALSE	889963	0.432997033422786	0.880932479132655	1486	384	14133	53979410.7946027	11
20240503 181519	1070	301019	gbdt	binary	custom	TRUE	TRUE	FALSE	TRUE	-100	-1	0	0.001	0	0	31	28	1	1	1	FALSE	1	0.1	50	0.5	FALSE	889963	0.278889826942837	0.586488533582216	1673	1098	12874	57751553.2233883	12
20240503 181635	1070	301019	gbdt	binary	custom	TRUE	TRUE	FALSE	TRUE	-100	-1	0	0.001	0	0	31	64	1	1	1	FALSE	1	0.1	50	0.5	FALSE	889963	0.330113490373445	0.836671487626776	76	668	11971	55326520.2398801	13
20240503 182023	1070	301019	gbdt	binary	custom	TRUE	TRUE	FALSE	TRUE	-100	-1	0	0.001	0	0	31	622	1	1	1	FALSE	1	0.1	50	0.5	FALSE	889963	0.476434363377536	0.748358464196455	1868	1596	13208	54476389.8050975	14
20240503 182908	1070	301019	gbdt	binary	custom	TRUE	TRUE	FALSE	TRUE	-100	-1	0	0.001	0	0	31	247	1	1	1	FALSE	1	0.1	50	0.5	FALSE	889963	0.0443406591913039	0.854530003129561	1922	142	13707	57906526.2368816	15
20240503 183334	1070	301019	gbdt	binary	custom	TRUE	TRUE	FALSE	TRUE	-100	-1	0	0.001	0	0	31	304	1	1	1	FALSE	1	0.1	50	0.5	FALSE	889963	0.172681676591086	0.531188159962682	410	1175	12906	59207577.2113943	16
20240503 184624	1070	301019	gbdt	binary	custom	TRUE	TRUE	FALSE	TRUE	-100	-1	0	0.001	0	0	31	1266	1	1	1	FALSE	1	0.1	50	0.5	FALSE	889963	0.0101039238987053	0.511359996528344	420	896	12551	61903821.5892054	17
20240503 190426	1070	301019	gbdt	binary	custom	TRUE	TRUE	FALSE	TRUE	-100	-1	0	0.001	0	0	31	2186	1	1	1	FALSE	1	0.1	50	0.5	FALSE	889963	0.0100324970276813	0.502251653215447	98	872	11363	61866922.0389805	18
20240503 191635	1070	301019	gbdt	binary	custom	TRUE	TRUE	FALSE	TRUE	-100	-1	0	0.001	0	0	31	1136	1	1	1	FALSE	1	0.1	50	0.5	FALSE	889963	0.0100060034895333	0.513073130226308	309	855	11886	61893604.197901	19
20240503 192429	1070	301019	gbdt	binary	custom	TRUE	TRUE	FALSE	TRUE	-100	-1	0	0.001	0	0	31	766	1	1	1	FALSE	1	0.1	50	0.5	FALSE	889963	0.0418431091766329	0.500096156006916	322	876	11508	60137949.0254873	20
20240503 194136	1070	301019	gbdt	binary	custom	TRUE	TRUE	FALSE	TRUE	-100	-1	0	0.001	0	0	31	3382	1	1	1	FALSE	1	0.1	50	0.5	FALSE	889963	0.0124819908471881	0.683355030082177	816	1292	13150	60568050.9745127	21
20240503 200031	1070	301019	gbdt	binary	custom	TRUE	TRUE	FALSE	TRUE	-100	-1	0	0.001	0	0	31	7535	1	1	1	FALSE	1	0.1	50	0.5	FALSE	889963	0.0100106991865475	0.586501879237833	15	764	12132	60980371.814093	22
20240503 201449	1070	301019	gbdt	binary	custom	TRUE	TRUE	FALSE	TRUE	-100	-1	0	0.001	0	0	31	1395	1	1	1	FALSE	1	0.1	50	0.5	FALSE	889963	0.0100095591031349	0.500471844001741	1181	687	12477	61529719.6401799	23
20240503 202600	1070	301019	gbdt	binary	custom	TRUE	TRUE	FALSE	TRUE	-100	-1	0	0.001	0	0	31	1011	1	1	1	FALSE	1	0.1	50	0.5	FALSE	889963	0.0100093966317766	0.501695504610793	1534	860	11593	62028676.161919	24
20240503 203815	1070	301019	gbdt	binary	custom	TRUE	TRUE	FALSE	TRUE	-100	-1	0	0.001	0	0	31	1302	1	1	1	FALSE	1	0.1	50	0.5	FALSE	889963	0.0100849424712019	0.841773871955207	1403	865	11639	61917002.9985007	25
20240503 205253	1070	301019	gbdt	binary	custom	TRUE	TRUE	FALSE	TRUE	-100	-1	0	0.001	0	0	31	1591	1	1	1	FALSE	1	0.1	50	0.5	FALSE	889963	0.0100236178829385	0.503377908996269	1280	909	11389	61486013.4932534	26
20240503 210156	1070	301019	gbdt	binary	custom	TRUE	TRUE	FALSE	TRUE	-100	-1	0	0.001	0	0	31	1335	1	1	1	FALSE	1	0.1	50	0.5	FALSE	889963	0.0100084110261989	0.712529242032009	1520	1110	10410	61947091.4542729	27
20240503 211547	1070	301019	gbdt	binary	custom	TRUE	TRUE	FALSE	TRUE	-100	-1	0	0.001	0	0	31	1903	1	1	1	FALSE	1	0.1	50	0.5	FALSE	889963	0.0100038865107864	0.582167991987684	1434	923	12575	61149782.6086956	28
20240503 212513	1070	301019	gbdt	binary	custom	TRUE	TRUE	FALSE	TRUE	-100	-1	0	0.001	0	0	31	1654	1	1	1	FALSE	1	0.1	50	0.5	FALSE	889963	0.0100860775813422	0.86085798978934	1510	1592	10551	61864781.1094453	29
20240503 213400	1070	301019	gbdt	binary	custom	TRUE	TRUE	FALSE	TRUE	-100	-1	0	0.001	0	0	31	1268	1	1	1	FALSE	1	0.1	50	0.5	FALSE	889963	0.0100067415662484	0.873239697422327	1506	1159	11850	61689460.2698651	30
20240503 214502	1070	301019	gbdt	binary	custom	TRUE	TRUE	FALSE	TRUE	-100	-1	0	0.001	0	0	31	2232	1	1	1	FALSE	1	0.1	50	0.5	FALSE	889963	0.0100561375208847	0.744440990242061	1542	1887	11227	62089554.7226387	31
20240503 220642	1070	301019	gbdt	binary	custom	TRUE	TRUE	FALSE	TRUE	-100	-1	0	0.001	0	0	31	2715	1	1	1	FALSE	1	0.1	50	0.5	FALSE	889963	0.010435365749993	0.500318384126864	1598	1803	12611	61954106.4467766	32
20240503 221944	1070	301019	gbdt	binary	custom	TRUE	TRUE	FALSE	TRUE	-100	-1	0	0.001	0	0	31	2714	1	1	1	FALSE	1	0.1	50	0.5	FALSE	889963	0.0100149650716885	0.809023976387936	2046	1989	10736	61970830.5847076	33
20240503 223047	1070	301019	gbdt	binary	custom	TRUE	TRUE	FALSE	TRUE	-100	-1	0	0.001	0	0	31	2141	1	1	1	FALSE	1	0.1	50	0.5	FALSE	889963	0.0100400150199328	0.796513976196208	2042	1789	10461	61770223.3883059	34
20240503 223943	1070	301019	gbdt	binary	custom	TRUE	TRUE	FALSE	TRUE	-100	-1	0	0.001	0	0	31	1688	1	1	1	FALSE	1	0.1	50	0.5	FALSE	889963	0.0100106654308761	0.824149508192102	1649	1999	10847	62218100.4497751	35
20240503 225133	1070	301019	gbdt	binary	custom	TRUE	TRUE	FALSE	TRUE	-100	-1	0	0.001	0	0	31	2036	1	1	1	FALSE	1	0.1	50	0.5	FALSE	889963	0.010004705005721	0.879100511858766	1643	1998	11128	62208863.5682159	36
20240503 225714	1070	301019	gbdt	binary	custom	TRUE	TRUE	FALSE	TRUE	-100	-1	0	0.001	0	0	31	969	1	1	1	FALSE	1	0.1	50	0.5	FALSE	889963	0.021816310029854	0.848438473833264	1670	2000	11993	61856262.3688156	37
20240503 230741	1070	301019	gbdt	binary	custom	TRUE	TRUE	FALSE	TRUE	-100	-1	0	0.001	0	0	31	2054	1	1	1	FALSE	1	0.1	50	0.5	FALSE	889963	0.0100104940620562	0.745271455398467	1781	1996	10600	62472743.6281859	38
20240503 232734	1070	301019	gbdt	binary	custom	TRUE	TRUE	FALSE	TRUE	-100	-1	0	0.001	0	0	31	2431	1	1	1	FALSE	1	0.1	50	0.5	FALSE	889963	0.0100697018210855	0.507084789736036	1911	1994	12810	62133598.2008995	39
20240503 234033	1070	301019	gbdt	binary	custom	TRUE	TRUE	FALSE	TRUE	-100	-1	0	0.001	0	0	31	2832	1	1	1	FALSE	1	0.1	50	0.5	FALSE	889963	0.0100044751339602	0.735418036246999	1790	1994	11313	61866817.0914543	40
20240503 234940	1070	301019	gbdt	binary	custom	TRUE	TRUE	FALSE	TRUE	-100	-1	0	0.001	0	0	31	1649	1	1	1	FALSE	1	0.1	50	0.5	FALSE	889963	0.0100031590472875	0.773526153529274	1685	1804	11702	62753310.3448276	41
20240504 000140	1070	301019	gbdt	binary	custom	TRUE	TRUE	FALSE	TRUE	-100	-1	0	0.001	0	0	31	1921	1	1	1	FALSE	1	0.1	50	0.5	FALSE	889963	0.0100104023144947	0.767529817496311	1702	1678	11011	61706850.0749625	42
20240504 001502	1070	301019	gbdt	binary	custom	TRUE	TRUE	FALSE	TRUE	-100	-1	0	0.001	0	0	31	1512	1	1	1	FALSE	1	0.1	50	0.5	FALSE	889963	0.0100168786564601	0.834796203662228	419	100	13567	60001968.5157421	43
20240504 003044	1070	301019	gbdt	binary	custom	TRUE	TRUE	FALSE	TRUE	-100	-1	0	0.001	0	0	31	3441	1	1	1	FALSE	1	0.1	50	0.5	FALSE	889963	0.0100098317831811	0.763382068154401	1673	1997	12745	61727338.8305847	44
20240504 004909	1070	301019	gbdt	binary	custom	TRUE	TRUE	FALSE	TRUE	-100	-1	0	0.001	0	0	31	2491	1	1	1	FALSE	1	0.1	50	0.5	FALSE	889963	0.0100172271025468	0.503062180002199	2026	1871	11356	61838326.8365817	45
20240504 010409	1070	301019	gbdt	binary	custom	TRUE	TRUE	FALSE	TRUE	-100	-1	0	0.001	0	0	31	3204	1	1	1	FALSE	1	0.1	50	0.5	FALSE	889963	0.0101053502048775	0.868182108279015	1810	1899	11459	61673314.8425787	46
20240504 011854	1070	301019	gbdt	binary	custom	TRUE	TRUE	FALSE	TRUE	-100	-1	0	0.001	0	0	31	3269	1	1	1	FALSE	1	0.1	50	0.5	FALSE	889963	0.0100380415753671	0.835617300946394	1316	1998	10947	61886976.011994	47
20240504 013813	1070	301019	gbdt	binary	custom	TRUE	TRUE	FALSE	TRUE	-100	-1	0	0.001	0	0	31	4457	1	1	1	FALSE	1	0.1	50	0.5	FALSE	889963	0.0100309024926062	0.667584621090771	210	1880	12637	61089059.970015	48
20240504 014819	1070	301019	gbdt	binary	custom	TRUE	TRUE	FALSE	TRUE	-100	-1	0	0.001	0	0	31	2042	1	1	1	FALSE	1	0.1	50	0.5	FALSE	889963	0.0100061749899782	0.746018440374599	1608	1995	10758	62401382.3088456	49
20240504 020343	1070	301019	gbdt	binary	custom	TRUE	TRUE	FALSE	TRUE	-100	-1	0	0.001	0	0	31	3489	1	1	1	FALSE	1	0.1	50	0.5	FALSE	889963	0.0102103888325283	0.746391125129764	1598	2000	11851	61385770.6146927	50
20240504 022808	1070	301019	gbdt	binary	custom	TRUE	TRUE	FALSE	TRUE	-100	-1	0	0.001	0	0	31	3579	1	1	1	FALSE	1	0.1	50	0.5	FALSE	889963	0.010018299491749	0.502157842992764	1746	1953	13055	62140667.1664168	51
20240504 023949	1070	301019	gbdt	binary	custom	TRUE	TRUE	FALSE	TRUE	-100	-1	0	0.001	0	0	31	2398	1	1	1	FALSE	1	0.1	50	0.5	FALSE	889963	0.0100207523314902	0.607002768588782	1774	1975	11418	61780242.8785607	52
20240504 025642	1070	301019	gbdt	binary	custom	TRUE	TRUE	FALSE	TRUE	-100	-1	0	0.001	0	0	31	2081	1	1	1	FALSE	1	0.1	50	0.5	FALSE	889963	0.0100384311825083	0.500093477952756	1759	1394	12284	61891748.125937	53
20240504 030535	1070	301019	gbdt	binary	custom	TRUE	TRUE	FALSE	TRUE	-100	-1	0	0.001	0	0	31	1036	1	1	1	FALSE	1	0.1	50	0.5	FALSE	889963	0.0259978481964616	0.500094773203707	1717	1994	13414	61489874.0629685	54
20240504 031615	1070	301019	gbdt	binary	custom	TRUE	TRUE	FALSE	TRUE	-100	-1	0	0.001	0	0	31	2110	1	1	1	FALSE	1	0.1	50	0.5	FALSE	889963	0.0100076748971406	0.80001509036545	1656	1868	10630	62140584.7076462	55
20240504 032653	1070	301019	gbdt	binary	custom	TRUE	TRUE	FALSE	TRUE	-100	-1	0	0.001	0	0	31	2110	1	1	1	FALSE	1	0.1	50	0.5	FALSE	889963	0.0100076748971406	0.80001509036545	1656	1868	10630	62140584.7076462	56
20240504 033734	1070	301019	gbdt	binary	custom	TRUE	TRUE	FALSE	TRUE	-100	-1	0	0.001	0	0	31	2110	1	1	1	FALSE	1	0.1	50	0.5	FALSE	889963	0.0100076748971406	0.80001509036545	1656	1868	10630	62140584.7076462	57
20240504 034816	1070	301019	gbdt	binary	custom	TRUE	TRUE	FALSE	TRUE	-100	-1	0	0.001	0	0	31	2110	1	1	1	FALSE	1	0.1	50	0.5	FALSE	889963	0.0100076748971406	0.80001509036545	1656	1868	10630	62140584.7076462	58
20240504 035857	1070	301019	gbdt	binary	custom	TRUE	TRUE	FALSE	TRUE	-100	-1	0	0.001	0	0	31	2110	1	1	1	FALSE	1	0.1	50	0.5	FALSE	889963	0.0100076748971406	0.80001509036545	1656	1868	10630	62140584.7076462	59
20240504 041252	1070	301019	gbdt	binary	custom	TRUE	TRUE	FALSE	TRUE	-100	-1	0	0.001	0	0	31	2973	1	1	1	FALSE	1	0.1	50	0.5	FALSE	889963	0.0100130295844202	0.804223296710978	1657	1870	10520	61186206.8965517	60
20240504 042508	1070	301019	gbdt	binary	custom	TRUE	TRUE	FALSE	TRUE	-100	-1	0	0.001	0	0	31	1417	1	1	1	FALSE	1	0.1	50	0.5	FALSE	889963	0.0100574730633005	0.508443761092847	1887	1994	11451	61981272.8635682	61
20240504 043552	1070	301019	gbdt	binary	custom	TRUE	TRUE	FALSE	TRUE	-100	-1	0	0.001	0	0	31	2095	1	1	1	FALSE	1	0.1	50	0.5	FALSE	889963	0.0100221690990788	0.801316108748285	1487	1816	10914	62019979.0104948	62
20240504 044627	1070	301019	gbdt	binary	custom	TRUE	TRUE	FALSE	TRUE	-100	-1	0	0.001	0	0	31	2083	1	1	1	FALSE	1	0.1	50	0.5	FALSE	889963	0.0100085868869497	0.713702642851727	1891	1869	11901	62014721.1394303	63
20240504 045738	1070	301019	gbdt	binary	custom	TRUE	TRUE	FALSE	TRUE	-100	-1	0	0.001	0	0	31	2266	1	1	1	FALSE	1	0.1	50	0.5	FALSE	889963	0.0100970243450087	0.899692374620282	1487	1936	11063	62250580.2098951	64
20240504 050843	1070	301019	gbdt	binary	custom	TRUE	TRUE	FALSE	TRUE	-100	-1	0	0.001	0	0	31	2266	1	1	1	FALSE	1	0.1	50	0.5	FALSE	889963	0.0100970243450087	0.899692374620282	1487	1936	11063	62250580.2098951	65
20240504 052000	1070	301019	gbdt	binary	custom	TRUE	TRUE	FALSE	TRUE	-100	-1	0	0.001	0	0	31	2266	1	1	1	FALSE	1	0.1	50	0.5	FALSE	889963	0.0100970243450087	0.899692374620282	1487	1936	11063	62250580.2098951	66
