fecha	cols	rows	boosting	objective	metric	first_metric_only	boost_from_average	feature_pre_filter	force_row_wise	verbosity	max_depth	min_gain_to_split	min_sum_hessian_in_leaf	lambda_l1	lambda_l2	max_bin	num_iterations	bagging_fraction	pos_bagging_fraction	neg_bagging_fraction	is_unbalance	scale_pos_weight	drop_rate	max_drop	skip_drop	extra_trees	seed	learning_rate	feature_fraction	num_leaves	min_data_in_leaf	estimulos	ganancia	iteracion_bayesiana
20240503 210151	1071	301019	dart	binary	custom	TRUE	TRUE	FALSE	TRUE	-100	-1	0	0.001	0	0	31	209	1	1	1	FALSE	1	0.1	50	0.5	FALSE	889963	0.361441699104441	0.77860194263612	661	1010	13298	58935805.0974513	1
20240504 000437	1071	301019	dart	binary	custom	TRUE	TRUE	FALSE	TRUE	-100	-1	0	0.001	0	0	31	1010	1	1	1	FALSE	1	0.1	50	0.5	FALSE	889963	0.211482172810249	0.610742662744474	527	1692	13084	60144941.5292354	2
20240504 031501	1071	301019	dart	binary	custom	TRUE	TRUE	FALSE	TRUE	-100	-1	0	0.001	0	0	31	437	1	1	1	FALSE	1	0.1	50	0.5	FALSE	889963	0.249892247670962	0.572814493951251	1600	1822	11898	60403571.2143928	3
20240504 064933	1071	301019	dart	binary	custom	TRUE	TRUE	FALSE	TRUE	-100	-1	0	0.001	0	0	31	838	1	1	1	FALSE	1	0.1	50	0.5	FALSE	889963	0.128325353842327	0.628963855624777	1114	1288	11504	60558584.7076462	4
20240504 100843	1071	301019	dart	binary	custom	TRUE	TRUE	FALSE	TRUE	-100	-1	0	0.001	0	0	31	258	1	1	1	FALSE	1	0.1	50	0.5	FALSE	889963	0.301302401111525	0.764951216885786	224	1461	11507	60492133.4332834	5
20240504 145921	1071	301019	dart	binary	custom	TRUE	TRUE	FALSE	TRUE	-100	-1	0	0.001	0	0	31	477	1	1	1	FALSE	1	0.1	50	0.5	FALSE	889963	0.158087681268455	0.502698722897641	1163	479	13864	60378194.9025487	6
20240504 182007	1071	301019	dart	binary	custom	TRUE	TRUE	FALSE	TRUE	-100	-1	0	0.001	0	0	31	452	1	1	1	FALSE	1	0.1	50	0.5	FALSE	889963	0.459146286332381	0.663931547256131	335	329	13370	59922803.5982009	7
20240504 223106	1071	301019	dart	binary	custom	TRUE	TRUE	FALSE	TRUE	-100	-1	0	0.001	0	0	31	2460	1	1	1	FALSE	1	0.1	50	0.5	FALSE	889963	0.0327085500129623	0.680500923776811	1314	834	13496	60842374.8125937	8
20240505 021345	1071	301019	dart	binary	custom	TRUE	TRUE	FALSE	TRUE	-100	-1	0	0.001	0	0	31	362	1	1	1	FALSE	1	0.1	50	0.5	FALSE	889963	0.406842123879041	0.705886348598721	839	743	12327	58615281.8590705	9
20240505 051015	1071	301019	dart	binary	custom	TRUE	TRUE	FALSE	TRUE	-100	-1	0	0.001	0	0	31	1029	1	1	1	FALSE	1	0.1	50	0.5	FALSE	889963	0.0757189834413697	0.806342523031459	910	1943	11719	61398142.4287856	10
20240505 085731	1071	301019	dart	binary	custom	TRUE	TRUE	FALSE	TRUE	-100	-1	0	0.001	0	0	31	223	1	1	1	FALSE	1	0.1	50	0.5	FALSE	889963	0.432997033422786	0.880932479132655	1486	384	14401	57583086.9565217	11
20240505 123610	1071	301019	dart	binary	custom	TRUE	TRUE	FALSE	TRUE	-100	-1	0	0.001	0	0	31	526	1	1	1	FALSE	1	0.1	50	0.5	FALSE	889963	0.278889826942837	0.586488533582216	1673	1098	13048	60060437.7811094	12
20240505 141451	1071	301019	dart	binary	custom	TRUE	TRUE	FALSE	TRUE	-100	-1	0	0.001	0	0	31	220	1	1	1	FALSE	1	0.1	50	0.5	FALSE	889963	0.330113490373445	0.836671487626776	76	668	13684	60033577.2113943	13
20240505 171401	1071	301019	dart	binary	custom	TRUE	TRUE	FALSE	TRUE	-100	-1	0	0.001	0	0	31	374	1	1	1	FALSE	1	0.1	50	0.5	FALSE	889963	0.476434363377536	0.748358464196455	1868	1596	12914	59475811.0944528	14
20240506 012235	1071	301019	dart	binary	custom	TRUE	TRUE	FALSE	TRUE	-100	-1	0	0.001	0	0	31	1209	1	1	1	FALSE	1	0.1	50	0.5	FALSE	889963	0.0443406591913039	0.854530003129561	1922	142	12325	59169467.7661169	15
20240506 051137	1071	301019	dart	binary	custom	TRUE	TRUE	FALSE	TRUE	-100	-1	0	0.001	0	0	31	132	1	1	1	FALSE	1	0.1	50	0.5	FALSE	889963	0.172681676591086	0.531188159962682	410	1175	11723	61442034.4827586	16
20240506 061638	1071	301019	dart	binary	custom	TRUE	TRUE	FALSE	TRUE	-100	-1	0	0.001	0	0	31	9976	1	1	1	FALSE	1	0.1	50	0.5	FALSE	889963	0.0100030462260812	0.500579865631787	8	1127	12764	59458524.7376312	17
20240506 091222	1071	301019	dart	binary	custom	TRUE	TRUE	FALSE	TRUE	-100	-1	0	0.001	0	0	31	610	1	1	1	FALSE	1	0.1	50	0.5	FALSE	889963	0.114966060853827	0.755455264957753	605	2000	13368	61514710.6446777	18
20240506 120830	1071	301019	dart	binary	custom	TRUE	TRUE	FALSE	TRUE	-100	-1	0	0.001	0	0	31	336	1	1	1	FALSE	1	0.1	50	0.5	FALSE	889963	0.0822893162617483	0.741795238677665	363	1997	12287	60673332.8335832	19
20240506 150658	1071	301019	dart	binary	custom	TRUE	TRUE	FALSE	TRUE	-100	-1	0	0.001	0	0	31	949	1	1	1	FALSE	1	0.1	50	0.5	FALSE	889963	0.131216890480548	0.800326889840459	553	2000	11718	60829328.3358321	20
20240506 180256	1071	301019	dart	binary	custom	TRUE	TRUE	FALSE	TRUE	-100	-1	0	0.001	0	0	31	2301	1	1	1	FALSE	1	0.1	50	0.5	FALSE	889963	0.112191023191346	0.739706457700701	906	1999	13480	60492173.9130435	21
20240506 215408	1071	301019	dart	binary	custom	TRUE	TRUE	FALSE	TRUE	-100	-1	0	0.001	0	0	31	831	1	1	1	FALSE	1	0.1	50	0.5	FALSE	889963	0.0915578634726276	0.799063787890287	637	1051	10942	61378497.7511244	22
20240506 223456	1071	301019	dart	binary	custom	TRUE	TRUE	FALSE	TRUE	-100	-1	0	0.001	0	0	31	3112	1	1	1	FALSE	1	0.1	50	0.5	FALSE	889963	0.119333583865577	0.803724780537727	10	1289	14413	58855272.8635682	23
20240507 020934	1071	301019	dart	binary	custom	TRUE	TRUE	FALSE	TRUE	-100	-1	0	0.001	0	0	31	1159	1	1	1	FALSE	1	0.1	50	0.5	FALSE	889963	0.0658341575455243	0.547804157236064	653	1386	12191	61668019.4902549	24
20240507 054253	1071	301019	dart	binary	custom	TRUE	TRUE	FALSE	TRUE	-100	-1	0	0.001	0	0	31	2659	1	1	1	FALSE	1	0.1	50	0.5	FALSE	889963	0.0552836263867891	0.50017935774314	707	1343	11699	60243629.6851574	25
20240507 084805	1071	301019	dart	binary	custom	TRUE	TRUE	FALSE	TRUE	-100	-1	0	0.001	0	0	31	646	1	1	1	FALSE	1	0.1	50	0.5	FALSE	889963	0.0755750684602209	0.710285238042876	722	1741	11845	61115134.9325337	26
20240508 000914	1071	301019	dart	binary	custom	TRUE	TRUE	FALSE	TRUE	-100	-1	0	0.001	0	0	31	1665	1	1	1	FALSE	1	0.1	50	0.5	FALSE	889963	0.0831450711003169	0.748429840585492	654	1050	14657	60371488.7556222	27
20240508 014914	1071	301019	dart	binary	custom	TRUE	TRUE	FALSE	TRUE	-100	-1	0	0.001	0	0	31	1348	1	1	1	FALSE	1	0.1	50	0.5	FALSE	889963	0.086086321894191	0.571459927243166	727	2000	11352	61263400.2998501	28
20240508 033219	1071	301019	dart	binary	custom	TRUE	TRUE	FALSE	TRUE	-100	-1	0	0.001	0	0	31	1692	1	1	1	FALSE	1	0.1	50	0.5	FALSE	889963	0.0884698788490335	0.553169040677212	711	2000	11914	60812362.8185907	29
20240508 050817	1071	301019	dart	binary	custom	TRUE	TRUE	FALSE	TRUE	-100	-1	0	0.001	0	0	31	2829	1	1	1	FALSE	1	0.1	50	0.5	FALSE	889963	0.0543286632555684	0.764056837644895	789	2000	15139	60161650.6746627	30
20240508 070515	1071	301019	dart	binary	custom	TRUE	TRUE	FALSE	TRUE	-100	-1	0	0.001	0	0	31	513	1	1	1	FALSE	1	0.1	50	0.5	FALSE	889963	0.113112484409075	0.509442671556963	652	1745	11462	61866953.5232384	31
20240508 085257	1071	301019	dart	binary	custom	TRUE	TRUE	FALSE	TRUE	-100	-1	0	0.001	0	0	31	994	1	1	1	FALSE	1	0.1	50	0.5	FALSE	889963	0.120202380040236	0.500115476063733	639	1759	11749	61433299.850075	32
20240508 134545	1071	301019	dart	binary	custom	TRUE	TRUE	FALSE	TRUE	-100	-1	0	0.001	0	0	31	1125	1	1	1	FALSE	1	0.1	50	0.5	FALSE	889963	0.117965122139322	0.500558085177334	603	1765	11210	60546971.5142429	33
20240508 153005	1071	301019	dart	binary	custom	TRUE	TRUE	FALSE	TRUE	-100	-1	0	0.001	0	0	31	1076	1	1	1	FALSE	1	0.1	50	0.5	FALSE	889963	0.114513302730292	0.506765929021281	665	1717	11589	61120556.2218891	34
20240508 172310	1071	301019	dart	binary	custom	TRUE	TRUE	FALSE	TRUE	-100	-1	0	0.001	0	0	31	1225	1	1	1	FALSE	1	0.1	50	0.5	FALSE	889963	0.112435245637859	0.530517435246244	596	1432	11623	61402184.4077961	35
20240508 185622	1071	301019	dart	binary	custom	TRUE	TRUE	FALSE	TRUE	-100	-1	0	0.001	0	0	31	916	1	1	1	FALSE	1	0.1	50	0.5	FALSE	889963	0.100342745054059	0.623267750640185	636	1999	11893	61574133.4332834	36
20240508 214210	1071	301019	dart	binary	custom	TRUE	TRUE	FALSE	TRUE	-100	-1	0	0.001	0	0	31	2675	1	1	1	FALSE	1	0.1	50	0.5	FALSE	889963	0.107872441843061	0.577545188067891	627	1559	14122	61193280.3598201	37
20240508 225501	1071	301019	dart	binary	custom	TRUE	TRUE	FALSE	TRUE	-100	-1	0	0.001	0	0	31	1220	1	1	1	FALSE	1	0.1	50	0.5	FALSE	889963	0.107095776874846	0.526720538753913	599	1764	12093	60996802.0989505	38
20240509 001331	1071	301019	dart	binary	custom	TRUE	TRUE	FALSE	TRUE	-100	-1	0	0.001	0	0	31	295	1	1	1	FALSE	1	0.1	50	0.5	FALSE	889963	0.112202819890592	0.556909418614403	617	1498	13075	61245224.8875562	39
20240509 012944	1071	301019	dart	binary	custom	TRUE	TRUE	FALSE	TRUE	-100	-1	0	0.001	0	0	31	519	1	1	1	FALSE	1	0.1	50	0.5	FALSE	889963	0.108356167052784	0.557686252454013	621	1567	12025	61576994.0029985	40
20240509 023501	1071	301019	dart	binary	custom	TRUE	TRUE	FALSE	TRUE	-100	-1	0	0.001	0	0	31	579	1	1	1	FALSE	1	0.1	50	0.5	FALSE	889963	0.098227989268497	0.61528679355813	641	1994	11792	61222500.7496252	41
20240509 035133	1071	301019	dart	binary	custom	TRUE	TRUE	FALSE	TRUE	-100	-1	0	0.001	0	0	31	613	1	1	1	FALSE	1	0.1	50	0.5	FALSE	889963	0.106971664529924	0.578629466820466	612	1497	11665	61222031.4842579	42
20240509 045659	1071	301019	dart	binary	custom	TRUE	TRUE	FALSE	TRUE	-100	-1	0	0.001	0	0	31	1512	1	1	1	FALSE	1	0.1	50	0.5	FALSE	889963	0.10432435299654	0.633175761758025	645	1999	12068	60770212.8935532	43
20240509 062947	1071	301019	dart	binary	custom	TRUE	TRUE	FALSE	TRUE	-100	-1	0	0.001	0	0	31	837	1	1	1	FALSE	1	0.1	50	0.5	FALSE	889963	0.117138531839624	0.504800537874754	588	880	12165	60851386.8065967	44
20240509 075118	1071	301019	dart	binary	custom	TRUE	TRUE	FALSE	TRUE	-100	-1	0	0.001	0	0	31	1018	1	1	1	FALSE	1	0.1	50	0.5	FALSE	889963	0.102052843951313	0.56054829662821	598	1671	13170	60747751.1244378	45
20240509 093333	1071	301019	dart	binary	custom	TRUE	TRUE	FALSE	TRUE	-100	-1	0	0.001	0	0	31	394	1	1	1	FALSE	1	0.1	50	0.5	FALSE	889963	0.138177588363068	0.53207535728863	407	628	13156	60078146.9265367	46
20240509 104350	1071	301019	dart	binary	custom	TRUE	TRUE	FALSE	TRUE	-100	-1	0	0.001	0	0	31	1542	1	1	1	FALSE	1	0.1	50	0.5	FALSE	889963	0.109599970993704	0.585313859291186	646	1769	12028	60640437.7811094	47
20240509 115428	1071	301019	dart	binary	custom	TRUE	TRUE	FALSE	TRUE	-100	-1	0	0.001	0	0	31	1123	1	1	1	FALSE	1	0.1	50	0.5	FALSE	889963	0.105131438754933	0.52249958028178	636	1873	11269	61324514.2428786	48
20240509 130515	1071	301019	dart	binary	custom	TRUE	TRUE	FALSE	TRUE	-100	-1	0	0.001	0	0	31	614	1	1	1	FALSE	1	0.1	50	0.5	FALSE	889963	0.104305294625643	0.519595348391647	636	1881	11838	61315445.2773613	49
20240509 141522	1071	301019	dart	binary	custom	TRUE	TRUE	FALSE	TRUE	-100	-1	0	0.001	0	0	31	741	1	1	1	FALSE	1	0.1	50	0.5	FALSE	889963	0.101603334640711	0.511208012065829	629	1889	11487	60966766.1169415	50
20240509 152736	1071	301019	dart	binary	custom	TRUE	TRUE	FALSE	TRUE	-100	-1	0	0.001	0	0	31	1513	1	1	1	FALSE	1	0.1	50	0.5	FALSE	889963	0.105610702420461	0.534619121511722	644	1871	11470	61016866.5667166	51
20240509 164319	1071	301019	dart	binary	custom	TRUE	TRUE	FALSE	TRUE	-100	-1	0	0.001	0	0	31	994	1	1	1	FALSE	1	0.1	50	0.5	FALSE	889963	0.104386703403289	0.555896129558957	646	1707	11729	60974559.2203898	52
20240509 175850	1071	301019	dart	binary	custom	TRUE	TRUE	FALSE	TRUE	-100	-1	0	0.001	0	0	31	1448	1	1	1	FALSE	1	0.1	50	0.5	FALSE	889963	0.106670316940745	0.54903279281348	644	1741	11933	61220910.0449775	53
20240509 190956	1071	301019	dart	binary	custom	TRUE	TRUE	FALSE	TRUE	-100	-1	0	0.001	0	0	31	2142	1	1	1	FALSE	1	0.1	50	0.5	FALSE	889963	0.151307842802571	0.507016203641069	646	1982	12182	60869352.3238381	54
20240509 202456	1071	301019	dart	binary	custom	TRUE	TRUE	FALSE	TRUE	-100	-1	0	0.001	0	0	31	1161	1	1	1	FALSE	1	0.1	50	0.5	FALSE	889963	0.100163118017855	0.554124599376539	637	1659	11827	60433062.9685157	55
20240509 213448	1071	301019	dart	binary	custom	TRUE	TRUE	FALSE	TRUE	-100	-1	0	0.001	0	0	31	1648	1	1	1	FALSE	1	0.1	50	0.5	FALSE	889963	0.110111917025044	0.563185522286013	629	1996	11897	61012688.155922	56
20240509 224802	1071	301019	dart	binary	custom	TRUE	TRUE	FALSE	TRUE	-100	-1	0	0.001	0	0	31	828	1	1	1	FALSE	1	0.1	50	0.5	FALSE	889963	0.109562321409447	0.589365133000782	639	1730	12240	61425487.2563718	57
20240510 000214	1071	301019	dart	binary	custom	TRUE	TRUE	FALSE	TRUE	-100	-1	0	0.001	0	0	31	1176	1	1	1	FALSE	1	0.1	50	0.5	FALSE	889963	0.11113569075493	0.613906718644233	648	1663	14761	60754781.1094453	58
20240510 011410	1071	301019	dart	binary	custom	TRUE	TRUE	FALSE	TRUE	-100	-1	0	0.001	0	0	31	2206	1	1	1	FALSE	1	0.1	50	0.5	FALSE	889963	0.106734130507471	0.500276660978352	615	1945	12226	60372254.8725637	59
20240510 023152	1071	301019	dart	binary	custom	TRUE	TRUE	FALSE	TRUE	-100	-1	0	0.001	0	0	31	995	1	1	1	FALSE	1	0.1	50	0.5	FALSE	889963	0.11262983060068	0.636596043948027	663	1532	12051	60733236.8815592	60
20240510 034634	1071	301019	dart	binary	custom	TRUE	TRUE	FALSE	TRUE	-100	-1	0	0.001	0	0	31	989	1	1	1	FALSE	1	0.1	50	0.5	FALSE	889963	0.0999416725892528	0.591035320907727	634	1705	12449	61213359.82009	61
20240510 050221	1071	301019	dart	binary	custom	TRUE	TRUE	FALSE	TRUE	-100	-1	0	0.001	0	0	31	844	1	1	1	FALSE	1	0.1	50	0.5	FALSE	889963	0.0992615022731719	0.590024894893621	638	1672	11794	61667955.0224888	62
20240510 062011	1071	301019	dart	binary	custom	TRUE	TRUE	FALSE	TRUE	-100	-1	0	0.001	0	0	31	1551	1	1	1	FALSE	1	0.1	50	0.5	FALSE	889963	0.0963739526917474	0.600665217323511	636	1642	11776	60693889.0554723	63
20240510 073556	1071	301019	dart	binary	custom	TRUE	TRUE	FALSE	TRUE	-100	-1	0	0.001	0	0	31	1044	1	1	1	FALSE	1	0.1	50	0.5	FALSE	889963	0.100725510094995	0.588210957206181	638	1702	11901	60731242.8785607	64
20240510 085206	1071	301019	dart	binary	custom	TRUE	TRUE	FALSE	TRUE	-100	-1	0	0.001	0	0	31	699	1	1	1	FALSE	1	0.1	50	0.5	FALSE	889963	0.107077282171789	0.573807341164386	639	1716	11629	61521575.7121439	65
20240510 100810	1071	301019	dart	binary	custom	TRUE	TRUE	FALSE	TRUE	-100	-1	0	0.001	0	0	31	994	1	1	1	FALSE	1	0.1	50	0.5	FALSE	889963	0.107623437988712	0.581484625694082	643	1698	11212	60775934.0329835	66
